14.6513625884
0.141041630337
-0.000212146412549
1.4523028155
0.222943983217
-4.2880784286e-06
-0.00311562457022
2.01256527301
-0.321376500897
-0.00290595850336
1.06355422483e-05
-1.27260010206
-5.97966792876
0.112299579376
0.00505203092955
0.0613477004547
1.37782765395
-0.51159810228
-0.00642059931624
0.251277939299
0.127581180299
-4.39281360522
-0.0188433153407
-0.620015083341
-1.53377651163
1.85318167e-05
-2.29566932717
-3.71466679764e-05
0.0131346584577
-0.0762348872566
-7.72510966883e-05
-0.00137906185677
2.51614640226
-1.08029058526
-0.0320785063334
0.721203573459
-2.83957651197e-06
0.794055623972
0.294985067543
0.0121616618622
0.000137298112915
2.23698494248
1.72283865414
3.0969408341e-05
0.345516874684
-0.0335835065271
-2.25327137175e-05
-0.29490865924
3.93164846371e-05
-0.191894775341
5.30476960149
-10.5648352513
6.30214663594
-8.38465131073
-0.0944826621026
-4.37401736706
-0.573420166316
-0.7645627156
0.181268804721
-0.167234154507
-0.155260500509
4.27025305879
0.0408193105677
-1.01441376557
-0.102966774924
-0.000369773956333
-3.11013187394e-07
-0.000454901964199
0.0362213738128
0.00158650281382
-6.51740535758e-05
0.0605384925337
-84.5535461907
-0.364053711612
-3.58239794188
-4.1161994285
-4.32406558982
2.54594435666e-05
-2.17164366445
0.168185008278
0.247535480544
-5.35980761555
0.990055534184
3.13998430853
-0.285959961925
3.51956750977
0.124802835105
-7.84141855663
-1.02467281061e-05
-2.65710453591
-0.73159605373
-6.94768357028
-0.00545277387042
-0.310586352418
-0.2374527004
-0.000318675801039
1.95938389691
4.31038192798
-7.70178541997e-05
0.428174821065
-7.82638462224
-3.52067457177
0.0316477831658
0.723199329566
0.0568521336598
-0.159658554045
0.0102680865007
0.00012918863016
-0.00178674596675
78.6434471793
0.364035304786
-3.16443111941
1.53154374095e-05
0.224578658969
-0.009717622098
-0.39562279237
-0.000638538579582
-0.000358142314163
-0.00420619069881
0.474465987658
0.351303476874
0.276474095268
-0.0014168545821
-0.00328293013992
-0.00183392620054
0.0124351316814
-0.795399094189
0.0654244375624
-5.8130258795
3.61787808366
0.00286173793796
0.34772119897
-4.67853679972e-05
-3.31923273959
-0.0648694874407
0.0731277519839
0.000342627343405
0.000407380041282
0.0208308417539
0.0547945406374
-0.00140955606343
5.20439054387
-0.0690173611158
-2.16260405228e-05
-0.00712640572636
0.113015111846
-20.3010443293
-35.9467485495
