12.8605342018
2.68489432696
1.3296643726
1.71756036147
1.0
0.261376035688
1.57405458259
-1.43999913109
9.90792469843
1.69772185403
1.22463138868
10.1204135189
-5.65956527951
3.91163834112
2.5038371286
8.8621159841
2.06168113176
-5.47076551616
10.6143141033
2.79759366899
-3.21365656553
-1.86573684982
3.54097068982
10.2185136252
3.49058023607
-2.59733720855
-5.48376571431
4.61848951187
-0.401576440745
0.770715060764
0.253610271161
7.07599449236
5.44646713909
-8.84857476325
2.9807687199
16.0759238051
5.35332647268
-2.65990802074
3.56583706418
-0.108799271259
6.6084441583
1.49647730436
4.13424617456
1.55383374625
3.00839081926
1.09910028935
2.46627052878
1.0036834892
0.653254169478
0.836760432971
14.4681900747
-12.6438080858
6.1542862856
-0.690663231279
4.14641607552
7.90739568831
6.72403905985
-1.41802326147
4.37124922797
-2.16875201115
0.143521954581
5.61157215194
3.0900133339
0.768360045698
0.649785874788
1.19988596652
-3.93628890423
-2.33289570465
1.27630063589
-2.01092864085
-3.74637735664
1.02501161951
0.931800078488
6.80063441063
7.66823400401
8.69058312305
13.5744157359
4.56226397816
-4.85878731954
-2.22006250116
24.4016576487
4.46986628777
4.45896352166
2.25366189427
1.58005507694
5.61806284698
-1.07539459085
-13.923008932
3.99980657224
4.12527840361
5.79600245755
4.18303910299
1.37945349754
-2.74658933003
0.858433967999
-6.29715179071
16.2575898967
25.1574198234
1.3802799217
4.97088565481
9.17307900648
-4.96488158411
-8.55198380968
1.55418516235
-11.4439755866
-4.5028899613
-1.44337172109
3.16791009487
8.47535119813
22.631268727
7.55352529669
-9.49357233221
3.42577081363
-0.669922037146
5.13100652267
1.35013142406
4.39216000113
0.880153550377
4.17272762273
7.94810024937
3.82967835093
1.54913278296
-0.200886549478
8.22288750625
8.50518031723
11.2072289713
-0.67263439514
0.206786993392
-6.13696770243
1.18820020851
2.0321647998
9.05280638668
-5.24147351115
8.02779599318
0.127500635693
2.33929803915
4.22174720889
10.966881742
-0.636761538933
-2.87082676189
-6.74848980384
-7.04625782914
1.09766944953
16.8313113049
-16.8908889334
-17.8547226017
11.591191561
-3.12276957435
